{
 "cells": [
  {
   "cell_type": "markdown",
   "metadata": {},
   "source": [
    "<h1> Report Classification Almond Types</h1>"
   ]
  },
  {
   "cell_type": "markdown",
   "metadata": {},
   "source": [
    "<b>We are using the \"Clean_Almond.csv\" as a data Framework</b>\n",
    "<p>To see the Process and explanation of how and why it has been cleaned, with the logic behind it, please check out \"classification-tests.ipynb\"</p>"
   ]
  },
  {
   "cell_type": "markdown",
   "metadata": {},
   "source": [
    "<b>Aim</b>\n",
    "<ul>\n",
    "<li>Analyse the Dataset and check for ways to optimize</li>\n",
    "<li>Optimize towards a ML set that Classifies the Type of Almond</li>\n",
    "<li>For Analysation use:</li>\n",
    "    <ul>\n",
    "    <li>Ydata </li>\n",
    "    <li>dataprep (needs python 3.9)</li>\n",
    "    <li>AutoViz</li>\n",
    "    <li>SweetViz</li>\n",
    "    <li>Phik-Matrix</li>\n",
    "\n",
    "</ul>\n",
    "<li>To Answer the following Questions</li>\n",
    "    <ol>\n",
    "    <li>Is there Redundancy?</li>\n",
    "    <li>Problems in the Dataset, like missing Data, or duplicate Rows (Already nswered in the Data Cleaning)</li>\n",
    "    <li>Is there Overlapping Data and Noise?</li>\n",
    "    <li>Significant Outliers</li>\n",
    "    <li>Is the Target Variable Distribution Optimal?</li>\n",
    "    <li>Are the independent Variables balanced?</li>\n",
    "    <li>Any other out of the ordinary in your dataset that we should keep an eye on</li>\n",
    "</ol>\n",
    "</ul>"
   ]
  },
  {
   "cell_type": "markdown",
   "metadata": {},
   "source": [
    "<h4>Data Import</h4>\n",
    "<p>Since we are also doing some Manual Programing in this file we are going to import the Dataset and Libraries</p>"
   ]
  },
  {
   "cell_type": "code",
   "execution_count": 39,
   "metadata": {},
   "outputs": [],
   "source": [
    "import pandas as pd\n",
    "import numpy as np\n",
    "import keras\n",
    "from keras import layers\n",
    "from sklearn.preprocessing import OneHotEncoder, LabelEncoder\n",
    "import tensorflow as tf\n",
    "import phik\n",
    "import seaborn as sns\n",
    "import matplotlib.pyplot as plt"
   ]
  },
  {
   "cell_type": "code",
   "execution_count": 40,
   "metadata": {},
   "outputs": [
    {
     "data": {
      "text/html": [
       "<div>\n",
       "<style scoped>\n",
       "    .dataframe tbody tr th:only-of-type {\n",
       "        vertical-align: middle;\n",
       "    }\n",
       "\n",
       "    .dataframe tbody tr th {\n",
       "        vertical-align: top;\n",
       "    }\n",
       "\n",
       "    .dataframe thead th {\n",
       "        text-align: right;\n",
       "    }\n",
       "</style>\n",
       "<table border=\"1\" class=\"dataframe\">\n",
       "  <thead>\n",
       "    <tr style=\"text-align: right;\">\n",
       "      <th></th>\n",
       "      <th>Length</th>\n",
       "      <th>Width</th>\n",
       "      <th>Thickness</th>\n",
       "      <th>Area</th>\n",
       "      <th>Perimeter</th>\n",
       "      <th>Roundness</th>\n",
       "      <th>Solidity</th>\n",
       "      <th>Compactness</th>\n",
       "      <th>Aspect_Ratio</th>\n",
       "      <th>Eccentricity</th>\n",
       "      <th>Extent</th>\n",
       "      <th>Convex_Area</th>\n",
       "      <th>Type</th>\n",
       "    </tr>\n",
       "  </thead>\n",
       "  <tbody>\n",
       "    <tr>\n",
       "      <th>0</th>\n",
       "      <td>272.553253</td>\n",
       "      <td>227.940628</td>\n",
       "      <td>127.759132</td>\n",
       "      <td>22619.0</td>\n",
       "      <td>643.813269</td>\n",
       "      <td>0.460467</td>\n",
       "      <td>0.973384</td>\n",
       "      <td>1.458265</td>\n",
       "      <td>1.565795</td>\n",
       "      <td>0.798147</td>\n",
       "      <td>0.681193</td>\n",
       "      <td>23237.5</td>\n",
       "      <td>MAMRA</td>\n",
       "    </tr>\n",
       "    <tr>\n",
       "      <th>1</th>\n",
       "      <td>340.942719</td>\n",
       "      <td>234.188126</td>\n",
       "      <td>128.199509</td>\n",
       "      <td>23038.0</td>\n",
       "      <td>680.984841</td>\n",
       "      <td>0.451983</td>\n",
       "      <td>0.957304</td>\n",
       "      <td>1.601844</td>\n",
       "      <td>1.552992</td>\n",
       "      <td>0.755233</td>\n",
       "      <td>0.656353</td>\n",
       "      <td>24065.5</td>\n",
       "      <td>MAMRA</td>\n",
       "    </tr>\n",
       "    <tr>\n",
       "      <th>2</th>\n",
       "      <td>344.597992</td>\n",
       "      <td>229.418610</td>\n",
       "      <td>125.796547</td>\n",
       "      <td>22386.5</td>\n",
       "      <td>646.943212</td>\n",
       "      <td>0.178304</td>\n",
       "      <td>0.967270</td>\n",
       "      <td>1.487772</td>\n",
       "      <td>1.696236</td>\n",
       "      <td>0.845151</td>\n",
       "      <td>0.683620</td>\n",
       "      <td>23144.0</td>\n",
       "      <td>MAMRA</td>\n",
       "    </tr>\n",
       "    <tr>\n",
       "      <th>3</th>\n",
       "      <td>367.850677</td>\n",
       "      <td>232.763153</td>\n",
       "      <td>125.918808</td>\n",
       "      <td>22578.5</td>\n",
       "      <td>661.227483</td>\n",
       "      <td>0.547965</td>\n",
       "      <td>0.965512</td>\n",
       "      <td>1.540979</td>\n",
       "      <td>1.942538</td>\n",
       "      <td>0.806122</td>\n",
       "      <td>0.685360</td>\n",
       "      <td>23385.0</td>\n",
       "      <td>MAMRA</td>\n",
       "    </tr>\n",
       "    <tr>\n",
       "      <th>4</th>\n",
       "      <td>276.140106</td>\n",
       "      <td>230.150742</td>\n",
       "      <td>107.253448</td>\n",
       "      <td>19068.0</td>\n",
       "      <td>624.842706</td>\n",
       "      <td>0.430272</td>\n",
       "      <td>0.951450</td>\n",
       "      <td>1.629395</td>\n",
       "      <td>2.142503</td>\n",
       "      <td>0.844623</td>\n",
       "      <td>0.714800</td>\n",
       "      <td>20041.0</td>\n",
       "      <td>MAMRA</td>\n",
       "    </tr>\n",
       "  </tbody>\n",
       "</table>\n",
       "</div>"
      ],
      "text/plain": [
       "       Length       Width   Thickness     Area   Perimeter  Roundness  \\\n",
       "0  272.553253  227.940628  127.759132  22619.0  643.813269   0.460467   \n",
       "1  340.942719  234.188126  128.199509  23038.0  680.984841   0.451983   \n",
       "2  344.597992  229.418610  125.796547  22386.5  646.943212   0.178304   \n",
       "3  367.850677  232.763153  125.918808  22578.5  661.227483   0.547965   \n",
       "4  276.140106  230.150742  107.253448  19068.0  624.842706   0.430272   \n",
       "\n",
       "   Solidity  Compactness  Aspect_Ratio  Eccentricity    Extent  Convex_Area  \\\n",
       "0  0.973384     1.458265      1.565795      0.798147  0.681193      23237.5   \n",
       "1  0.957304     1.601844      1.552992      0.755233  0.656353      24065.5   \n",
       "2  0.967270     1.487772      1.696236      0.845151  0.683620      23144.0   \n",
       "3  0.965512     1.540979      1.942538      0.806122  0.685360      23385.0   \n",
       "4  0.951450     1.629395      2.142503      0.844623  0.714800      20041.0   \n",
       "\n",
       "    Type  \n",
       "0  MAMRA  \n",
       "1  MAMRA  \n",
       "2  MAMRA  \n",
       "3  MAMRA  \n",
       "4  MAMRA  "
      ]
     },
     "execution_count": 40,
     "metadata": {},
     "output_type": "execute_result"
    }
   ],
   "source": [
    "df = pd.read_csv(\"clean_Almond.csv\")\n",
    "df.head()"
   ]
  },
  {
   "cell_type": "code",
   "execution_count": 41,
   "metadata": {},
   "outputs": [],
   "source": [
    "# everything else except the target variable\n",
    "X = df.drop([\"Type\"], axis=1)\n",
    "\n",
    "# have only the target variable here (dependent variable)\n",
    "y_temp = df['Type']\n",
    "\n",
    "# since we are doing classification, we have to process our target values with an encoder\n",
    "# and convert them into a categorical TensorFlow/Keras -format \n",
    "le = LabelEncoder()\n",
    "y_enc = le.fit_transform(y_temp)\n",
    "\n",
    "# Converting the label into a matrix form\n",
    "y = tf.keras.utils.to_categorical(y_enc)\n",
    "\n",
    "#seperate df for the corr function\n",
    "yf=df\n",
    "yf['Type']=y_enc\n"
   ]
  },
  {
   "cell_type": "code",
   "execution_count": 42,
   "metadata": {},
   "outputs": [
    {
     "data": {
      "text/html": [
       "<div>\n",
       "<style scoped>\n",
       "    .dataframe tbody tr th:only-of-type {\n",
       "        vertical-align: middle;\n",
       "    }\n",
       "\n",
       "    .dataframe tbody tr th {\n",
       "        vertical-align: top;\n",
       "    }\n",
       "\n",
       "    .dataframe thead th {\n",
       "        text-align: right;\n",
       "    }\n",
       "</style>\n",
       "<table border=\"1\" class=\"dataframe\">\n",
       "  <thead>\n",
       "    <tr style=\"text-align: right;\">\n",
       "      <th></th>\n",
       "      <th>Length</th>\n",
       "      <th>Width</th>\n",
       "      <th>Thickness</th>\n",
       "      <th>Area</th>\n",
       "      <th>Perimeter</th>\n",
       "      <th>Roundness</th>\n",
       "      <th>Solidity</th>\n",
       "      <th>Compactness</th>\n",
       "      <th>Aspect_Ratio</th>\n",
       "      <th>Eccentricity</th>\n",
       "      <th>Extent</th>\n",
       "      <th>Convex_Area</th>\n",
       "      <th>Type</th>\n",
       "    </tr>\n",
       "  </thead>\n",
       "  <tbody>\n",
       "    <tr>\n",
       "      <th>0</th>\n",
       "      <td>272.553253</td>\n",
       "      <td>227.940628</td>\n",
       "      <td>127.759132</td>\n",
       "      <td>22619.0</td>\n",
       "      <td>643.813269</td>\n",
       "      <td>0.460467</td>\n",
       "      <td>0.973384</td>\n",
       "      <td>1.458265</td>\n",
       "      <td>1.565795</td>\n",
       "      <td>0.798147</td>\n",
       "      <td>0.681193</td>\n",
       "      <td>23237.5</td>\n",
       "      <td>0</td>\n",
       "    </tr>\n",
       "    <tr>\n",
       "      <th>1</th>\n",
       "      <td>340.942719</td>\n",
       "      <td>234.188126</td>\n",
       "      <td>128.199509</td>\n",
       "      <td>23038.0</td>\n",
       "      <td>680.984841</td>\n",
       "      <td>0.451983</td>\n",
       "      <td>0.957304</td>\n",
       "      <td>1.601844</td>\n",
       "      <td>1.552992</td>\n",
       "      <td>0.755233</td>\n",
       "      <td>0.656353</td>\n",
       "      <td>24065.5</td>\n",
       "      <td>0</td>\n",
       "    </tr>\n",
       "    <tr>\n",
       "      <th>2</th>\n",
       "      <td>344.597992</td>\n",
       "      <td>229.418610</td>\n",
       "      <td>125.796547</td>\n",
       "      <td>22386.5</td>\n",
       "      <td>646.943212</td>\n",
       "      <td>0.178304</td>\n",
       "      <td>0.967270</td>\n",
       "      <td>1.487772</td>\n",
       "      <td>1.696236</td>\n",
       "      <td>0.845151</td>\n",
       "      <td>0.683620</td>\n",
       "      <td>23144.0</td>\n",
       "      <td>0</td>\n",
       "    </tr>\n",
       "    <tr>\n",
       "      <th>3</th>\n",
       "      <td>367.850677</td>\n",
       "      <td>232.763153</td>\n",
       "      <td>125.918808</td>\n",
       "      <td>22578.5</td>\n",
       "      <td>661.227483</td>\n",
       "      <td>0.547965</td>\n",
       "      <td>0.965512</td>\n",
       "      <td>1.540979</td>\n",
       "      <td>1.942538</td>\n",
       "      <td>0.806122</td>\n",
       "      <td>0.685360</td>\n",
       "      <td>23385.0</td>\n",
       "      <td>0</td>\n",
       "    </tr>\n",
       "    <tr>\n",
       "      <th>4</th>\n",
       "      <td>276.140106</td>\n",
       "      <td>230.150742</td>\n",
       "      <td>107.253448</td>\n",
       "      <td>19068.0</td>\n",
       "      <td>624.842706</td>\n",
       "      <td>0.430272</td>\n",
       "      <td>0.951450</td>\n",
       "      <td>1.629395</td>\n",
       "      <td>2.142503</td>\n",
       "      <td>0.844623</td>\n",
       "      <td>0.714800</td>\n",
       "      <td>20041.0</td>\n",
       "      <td>0</td>\n",
       "    </tr>\n",
       "    <tr>\n",
       "      <th>...</th>\n",
       "      <td>...</td>\n",
       "      <td>...</td>\n",
       "      <td>...</td>\n",
       "      <td>...</td>\n",
       "      <td>...</td>\n",
       "      <td>...</td>\n",
       "      <td>...</td>\n",
       "      <td>...</td>\n",
       "      <td>...</td>\n",
       "      <td>...</td>\n",
       "      <td>...</td>\n",
       "      <td>...</td>\n",
       "      <td>...</td>\n",
       "    </tr>\n",
       "    <tr>\n",
       "      <th>2798</th>\n",
       "      <td>244.866592</td>\n",
       "      <td>192.709366</td>\n",
       "      <td>122.356506</td>\n",
       "      <td>18471.5</td>\n",
       "      <td>653.345233</td>\n",
       "      <td>0.456914</td>\n",
       "      <td>0.931000</td>\n",
       "      <td>1.838965</td>\n",
       "      <td>1.812843</td>\n",
       "      <td>0.762105</td>\n",
       "      <td>0.725739</td>\n",
       "      <td>19840.5</td>\n",
       "      <td>2</td>\n",
       "    </tr>\n",
       "    <tr>\n",
       "      <th>2799</th>\n",
       "      <td>366.171509</td>\n",
       "      <td>186.254745</td>\n",
       "      <td>118.708961</td>\n",
       "      <td>17213.5</td>\n",
       "      <td>581.688379</td>\n",
       "      <td>0.642495</td>\n",
       "      <td>0.952706</td>\n",
       "      <td>1.564234</td>\n",
       "      <td>1.705885</td>\n",
       "      <td>0.810162</td>\n",
       "      <td>0.714016</td>\n",
       "      <td>18068.0</td>\n",
       "      <td>2</td>\n",
       "    </tr>\n",
       "    <tr>\n",
       "      <th>2800</th>\n",
       "      <td>408.806732</td>\n",
       "      <td>186.196182</td>\n",
       "      <td>119.147224</td>\n",
       "      <td>17510.5</td>\n",
       "      <td>608.315795</td>\n",
       "      <td>0.558189</td>\n",
       "      <td>0.948821</td>\n",
       "      <td>1.681705</td>\n",
       "      <td>1.668084</td>\n",
       "      <td>0.822138</td>\n",
       "      <td>0.718999</td>\n",
       "      <td>18455.0</td>\n",
       "      <td>2</td>\n",
       "    </tr>\n",
       "    <tr>\n",
       "      <th>2801</th>\n",
       "      <td>280.646667</td>\n",
       "      <td>188.660828</td>\n",
       "      <td>120.634438</td>\n",
       "      <td>17941.0</td>\n",
       "      <td>630.759446</td>\n",
       "      <td>0.386465</td>\n",
       "      <td>0.944810</td>\n",
       "      <td>1.764701</td>\n",
       "      <td>1.705924</td>\n",
       "      <td>0.797262</td>\n",
       "      <td>0.738191</td>\n",
       "      <td>18989.0</td>\n",
       "      <td>2</td>\n",
       "    </tr>\n",
       "    <tr>\n",
       "      <th>2802</th>\n",
       "      <td>269.356903</td>\n",
       "      <td>176.023636</td>\n",
       "      <td>88.955078</td>\n",
       "      <td>36683.5</td>\n",
       "      <td>887.310743</td>\n",
       "      <td>0.643761</td>\n",
       "      <td>0.947380</td>\n",
       "      <td>1.707933</td>\n",
       "      <td>1.530231</td>\n",
       "      <td>0.756930</td>\n",
       "      <td>0.722429</td>\n",
       "      <td>38721.0</td>\n",
       "      <td>2</td>\n",
       "    </tr>\n",
       "  </tbody>\n",
       "</table>\n",
       "<p>2803 rows × 13 columns</p>\n",
       "</div>"
      ],
      "text/plain": [
       "          Length       Width   Thickness     Area   Perimeter  Roundness  \\\n",
       "0     272.553253  227.940628  127.759132  22619.0  643.813269   0.460467   \n",
       "1     340.942719  234.188126  128.199509  23038.0  680.984841   0.451983   \n",
       "2     344.597992  229.418610  125.796547  22386.5  646.943212   0.178304   \n",
       "3     367.850677  232.763153  125.918808  22578.5  661.227483   0.547965   \n",
       "4     276.140106  230.150742  107.253448  19068.0  624.842706   0.430272   \n",
       "...          ...         ...         ...      ...         ...        ...   \n",
       "2798  244.866592  192.709366  122.356506  18471.5  653.345233   0.456914   \n",
       "2799  366.171509  186.254745  118.708961  17213.5  581.688379   0.642495   \n",
       "2800  408.806732  186.196182  119.147224  17510.5  608.315795   0.558189   \n",
       "2801  280.646667  188.660828  120.634438  17941.0  630.759446   0.386465   \n",
       "2802  269.356903  176.023636   88.955078  36683.5  887.310743   0.643761   \n",
       "\n",
       "      Solidity  Compactness  Aspect_Ratio  Eccentricity    Extent  \\\n",
       "0     0.973384     1.458265      1.565795      0.798147  0.681193   \n",
       "1     0.957304     1.601844      1.552992      0.755233  0.656353   \n",
       "2     0.967270     1.487772      1.696236      0.845151  0.683620   \n",
       "3     0.965512     1.540979      1.942538      0.806122  0.685360   \n",
       "4     0.951450     1.629395      2.142503      0.844623  0.714800   \n",
       "...        ...          ...           ...           ...       ...   \n",
       "2798  0.931000     1.838965      1.812843      0.762105  0.725739   \n",
       "2799  0.952706     1.564234      1.705885      0.810162  0.714016   \n",
       "2800  0.948821     1.681705      1.668084      0.822138  0.718999   \n",
       "2801  0.944810     1.764701      1.705924      0.797262  0.738191   \n",
       "2802  0.947380     1.707933      1.530231      0.756930  0.722429   \n",
       "\n",
       "      Convex_Area  Type  \n",
       "0         23237.5     0  \n",
       "1         24065.5     0  \n",
       "2         23144.0     0  \n",
       "3         23385.0     0  \n",
       "4         20041.0     0  \n",
       "...           ...   ...  \n",
       "2798      19840.5     2  \n",
       "2799      18068.0     2  \n",
       "2800      18455.0     2  \n",
       "2801      18989.0     2  \n",
       "2802      38721.0     2  \n",
       "\n",
       "[2803 rows x 13 columns]"
      ]
     },
     "execution_count": 42,
     "metadata": {},
     "output_type": "execute_result"
    }
   ],
   "source": [
    "yf"
   ]
  },
  {
   "cell_type": "markdown",
   "metadata": {},
   "source": [
    "<b>This time i will use the phik_matrix from the eginning and not the corr matrix</b>"
   ]
  },
  {
   "cell_type": "code",
   "execution_count": 43,
   "metadata": {},
   "outputs": [
    {
     "data": {
      "text/html": [
       "<div>\n",
       "<style scoped>\n",
       "    .dataframe tbody tr th:only-of-type {\n",
       "        vertical-align: middle;\n",
       "    }\n",
       "\n",
       "    .dataframe tbody tr th {\n",
       "        vertical-align: top;\n",
       "    }\n",
       "\n",
       "    .dataframe thead th {\n",
       "        text-align: right;\n",
       "    }\n",
       "</style>\n",
       "<table border=\"1\" class=\"dataframe\">\n",
       "  <thead>\n",
       "    <tr style=\"text-align: right;\">\n",
       "      <th></th>\n",
       "      <th>Length</th>\n",
       "      <th>Width</th>\n",
       "      <th>Thickness</th>\n",
       "      <th>Area</th>\n",
       "      <th>Perimeter</th>\n",
       "      <th>Roundness</th>\n",
       "      <th>Solidity</th>\n",
       "      <th>Compactness</th>\n",
       "      <th>Aspect_Ratio</th>\n",
       "      <th>Eccentricity</th>\n",
       "      <th>Extent</th>\n",
       "      <th>Convex_Area</th>\n",
       "      <th>Type</th>\n",
       "    </tr>\n",
       "  </thead>\n",
       "  <tbody>\n",
       "    <tr>\n",
       "      <th>Length</th>\n",
       "      <td>1.000000</td>\n",
       "      <td>0.305163</td>\n",
       "      <td>0.160244</td>\n",
       "      <td>0.531570</td>\n",
       "      <td>0.531935</td>\n",
       "      <td>-0.243867</td>\n",
       "      <td>-0.103302</td>\n",
       "      <td>0.169204</td>\n",
       "      <td>0.168499</td>\n",
       "      <td>0.155325</td>\n",
       "      <td>0.014266</td>\n",
       "      <td>0.546709</td>\n",
       "      <td>-0.161348</td>\n",
       "    </tr>\n",
       "    <tr>\n",
       "      <th>Width</th>\n",
       "      <td>0.305163</td>\n",
       "      <td>1.000000</td>\n",
       "      <td>0.172416</td>\n",
       "      <td>0.368535</td>\n",
       "      <td>0.307658</td>\n",
       "      <td>-0.022506</td>\n",
       "      <td>-0.020431</td>\n",
       "      <td>0.044480</td>\n",
       "      <td>0.005838</td>\n",
       "      <td>0.003919</td>\n",
       "      <td>-0.017369</td>\n",
       "      <td>0.371082</td>\n",
       "      <td>0.075067</td>\n",
       "    </tr>\n",
       "    <tr>\n",
       "      <th>Thickness</th>\n",
       "      <td>0.160244</td>\n",
       "      <td>0.172416</td>\n",
       "      <td>1.000000</td>\n",
       "      <td>0.243066</td>\n",
       "      <td>0.239444</td>\n",
       "      <td>0.089539</td>\n",
       "      <td>0.025498</td>\n",
       "      <td>-0.005071</td>\n",
       "      <td>0.012832</td>\n",
       "      <td>0.029879</td>\n",
       "      <td>0.069234</td>\n",
       "      <td>0.246224</td>\n",
       "      <td>0.195843</td>\n",
       "    </tr>\n",
       "    <tr>\n",
       "      <th>Area</th>\n",
       "      <td>0.531570</td>\n",
       "      <td>0.368535</td>\n",
       "      <td>0.243066</td>\n",
       "      <td>1.000000</td>\n",
       "      <td>0.793905</td>\n",
       "      <td>0.226408</td>\n",
       "      <td>0.142245</td>\n",
       "      <td>-0.011408</td>\n",
       "      <td>0.074547</td>\n",
       "      <td>0.076240</td>\n",
       "      <td>0.303895</td>\n",
       "      <td>0.996626</td>\n",
       "      <td>-0.013641</td>\n",
       "    </tr>\n",
       "    <tr>\n",
       "      <th>Perimeter</th>\n",
       "      <td>0.531935</td>\n",
       "      <td>0.307658</td>\n",
       "      <td>0.239444</td>\n",
       "      <td>0.793905</td>\n",
       "      <td>1.000000</td>\n",
       "      <td>-0.056064</td>\n",
       "      <td>-0.377505</td>\n",
       "      <td>0.561668</td>\n",
       "      <td>0.104916</td>\n",
       "      <td>0.104578</td>\n",
       "      <td>-0.104688</td>\n",
       "      <td>0.834600</td>\n",
       "      <td>-0.123801</td>\n",
       "    </tr>\n",
       "    <tr>\n",
       "      <th>Roundness</th>\n",
       "      <td>-0.243867</td>\n",
       "      <td>-0.022506</td>\n",
       "      <td>0.089539</td>\n",
       "      <td>0.226408</td>\n",
       "      <td>-0.056064</td>\n",
       "      <td>1.000000</td>\n",
       "      <td>0.319786</td>\n",
       "      <td>-0.343409</td>\n",
       "      <td>-0.190626</td>\n",
       "      <td>-0.185414</td>\n",
       "      <td>0.296835</td>\n",
       "      <td>0.199020</td>\n",
       "      <td>0.225965</td>\n",
       "    </tr>\n",
       "    <tr>\n",
       "      <th>Solidity</th>\n",
       "      <td>-0.103302</td>\n",
       "      <td>-0.020431</td>\n",
       "      <td>0.025498</td>\n",
       "      <td>0.142245</td>\n",
       "      <td>-0.377505</td>\n",
       "      <td>0.319786</td>\n",
       "      <td>1.000000</td>\n",
       "      <td>-0.866622</td>\n",
       "      <td>-0.070943</td>\n",
       "      <td>-0.055808</td>\n",
       "      <td>0.774073</td>\n",
       "      <td>0.067954</td>\n",
       "      <td>0.277235</td>\n",
       "    </tr>\n",
       "    <tr>\n",
       "      <th>Compactness</th>\n",
       "      <td>0.169204</td>\n",
       "      <td>0.044480</td>\n",
       "      <td>-0.005071</td>\n",
       "      <td>-0.011408</td>\n",
       "      <td>0.561668</td>\n",
       "      <td>-0.343409</td>\n",
       "      <td>-0.866622</td>\n",
       "      <td>1.000000</td>\n",
       "      <td>0.058348</td>\n",
       "      <td>0.067903</td>\n",
       "      <td>-0.615750</td>\n",
       "      <td>0.056435</td>\n",
       "      <td>-0.209883</td>\n",
       "    </tr>\n",
       "    <tr>\n",
       "      <th>Aspect_Ratio</th>\n",
       "      <td>0.168499</td>\n",
       "      <td>0.005838</td>\n",
       "      <td>0.012832</td>\n",
       "      <td>0.074547</td>\n",
       "      <td>0.104916</td>\n",
       "      <td>-0.190626</td>\n",
       "      <td>-0.070943</td>\n",
       "      <td>0.058348</td>\n",
       "      <td>1.000000</td>\n",
       "      <td>0.345854</td>\n",
       "      <td>-0.040220</td>\n",
       "      <td>0.081940</td>\n",
       "      <td>-0.209061</td>\n",
       "    </tr>\n",
       "    <tr>\n",
       "      <th>Eccentricity</th>\n",
       "      <td>0.155325</td>\n",
       "      <td>0.003919</td>\n",
       "      <td>0.029879</td>\n",
       "      <td>0.076240</td>\n",
       "      <td>0.104578</td>\n",
       "      <td>-0.185414</td>\n",
       "      <td>-0.055808</td>\n",
       "      <td>0.067903</td>\n",
       "      <td>0.345854</td>\n",
       "      <td>1.000000</td>\n",
       "      <td>-0.032413</td>\n",
       "      <td>0.083029</td>\n",
       "      <td>-0.181927</td>\n",
       "    </tr>\n",
       "    <tr>\n",
       "      <th>Extent</th>\n",
       "      <td>0.014266</td>\n",
       "      <td>-0.017369</td>\n",
       "      <td>0.069234</td>\n",
       "      <td>0.303895</td>\n",
       "      <td>-0.104688</td>\n",
       "      <td>0.296835</td>\n",
       "      <td>0.774073</td>\n",
       "      <td>-0.615750</td>\n",
       "      <td>-0.040220</td>\n",
       "      <td>-0.032413</td>\n",
       "      <td>1.000000</td>\n",
       "      <td>0.248131</td>\n",
       "      <td>0.191447</td>\n",
       "    </tr>\n",
       "    <tr>\n",
       "      <th>Convex_Area</th>\n",
       "      <td>0.546709</td>\n",
       "      <td>0.371082</td>\n",
       "      <td>0.246224</td>\n",
       "      <td>0.996626</td>\n",
       "      <td>0.834600</td>\n",
       "      <td>0.199020</td>\n",
       "      <td>0.067954</td>\n",
       "      <td>0.056435</td>\n",
       "      <td>0.081940</td>\n",
       "      <td>0.083029</td>\n",
       "      <td>0.248131</td>\n",
       "      <td>1.000000</td>\n",
       "      <td>-0.034985</td>\n",
       "    </tr>\n",
       "    <tr>\n",
       "      <th>Type</th>\n",
       "      <td>-0.161348</td>\n",
       "      <td>0.075067</td>\n",
       "      <td>0.195843</td>\n",
       "      <td>-0.013641</td>\n",
       "      <td>-0.123801</td>\n",
       "      <td>0.225965</td>\n",
       "      <td>0.277235</td>\n",
       "      <td>-0.209883</td>\n",
       "      <td>-0.209061</td>\n",
       "      <td>-0.181927</td>\n",
       "      <td>0.191447</td>\n",
       "      <td>-0.034985</td>\n",
       "      <td>1.000000</td>\n",
       "    </tr>\n",
       "  </tbody>\n",
       "</table>\n",
       "</div>"
      ],
      "text/plain": [
       "                Length     Width  Thickness      Area  Perimeter  Roundness  \\\n",
       "Length        1.000000  0.305163   0.160244  0.531570   0.531935  -0.243867   \n",
       "Width         0.305163  1.000000   0.172416  0.368535   0.307658  -0.022506   \n",
       "Thickness     0.160244  0.172416   1.000000  0.243066   0.239444   0.089539   \n",
       "Area          0.531570  0.368535   0.243066  1.000000   0.793905   0.226408   \n",
       "Perimeter     0.531935  0.307658   0.239444  0.793905   1.000000  -0.056064   \n",
       "Roundness    -0.243867 -0.022506   0.089539  0.226408  -0.056064   1.000000   \n",
       "Solidity     -0.103302 -0.020431   0.025498  0.142245  -0.377505   0.319786   \n",
       "Compactness   0.169204  0.044480  -0.005071 -0.011408   0.561668  -0.343409   \n",
       "Aspect_Ratio  0.168499  0.005838   0.012832  0.074547   0.104916  -0.190626   \n",
       "Eccentricity  0.155325  0.003919   0.029879  0.076240   0.104578  -0.185414   \n",
       "Extent        0.014266 -0.017369   0.069234  0.303895  -0.104688   0.296835   \n",
       "Convex_Area   0.546709  0.371082   0.246224  0.996626   0.834600   0.199020   \n",
       "Type         -0.161348  0.075067   0.195843 -0.013641  -0.123801   0.225965   \n",
       "\n",
       "              Solidity  Compactness  Aspect_Ratio  Eccentricity    Extent  \\\n",
       "Length       -0.103302     0.169204      0.168499      0.155325  0.014266   \n",
       "Width        -0.020431     0.044480      0.005838      0.003919 -0.017369   \n",
       "Thickness     0.025498    -0.005071      0.012832      0.029879  0.069234   \n",
       "Area          0.142245    -0.011408      0.074547      0.076240  0.303895   \n",
       "Perimeter    -0.377505     0.561668      0.104916      0.104578 -0.104688   \n",
       "Roundness     0.319786    -0.343409     -0.190626     -0.185414  0.296835   \n",
       "Solidity      1.000000    -0.866622     -0.070943     -0.055808  0.774073   \n",
       "Compactness  -0.866622     1.000000      0.058348      0.067903 -0.615750   \n",
       "Aspect_Ratio -0.070943     0.058348      1.000000      0.345854 -0.040220   \n",
       "Eccentricity -0.055808     0.067903      0.345854      1.000000 -0.032413   \n",
       "Extent        0.774073    -0.615750     -0.040220     -0.032413  1.000000   \n",
       "Convex_Area   0.067954     0.056435      0.081940      0.083029  0.248131   \n",
       "Type          0.277235    -0.209883     -0.209061     -0.181927  0.191447   \n",
       "\n",
       "              Convex_Area      Type  \n",
       "Length           0.546709 -0.161348  \n",
       "Width            0.371082  0.075067  \n",
       "Thickness        0.246224  0.195843  \n",
       "Area             0.996626 -0.013641  \n",
       "Perimeter        0.834600 -0.123801  \n",
       "Roundness        0.199020  0.225965  \n",
       "Solidity         0.067954  0.277235  \n",
       "Compactness      0.056435 -0.209883  \n",
       "Aspect_Ratio     0.081940 -0.209061  \n",
       "Eccentricity     0.083029 -0.181927  \n",
       "Extent           0.248131  0.191447  \n",
       "Convex_Area      1.000000 -0.034985  \n",
       "Type            -0.034985  1.000000  "
      ]
     },
     "execution_count": 43,
     "metadata": {},
     "output_type": "execute_result"
    }
   ],
   "source": [
    "correlations = yf.corr()\n",
    "correlations"
   ]
  },
  {
   "cell_type": "markdown",
   "metadata": {},
   "source": [
    "<ul>\n",
    "<li>Width: <p>-0.01819</p></li>\n",
    "<li>Area: <p>-0.06888</p></li>\n",
    "<li>Convex_Area <p>-0.09412</p></li>\n",
    "\n",
    "Overall low correlations with type\n",
    "</ul>"
   ]
  },
  {
   "cell_type": "code",
   "execution_count": 44,
   "metadata": {},
   "outputs": [
    {
     "name": "stdout",
     "output_type": "stream",
     "text": [
      "interval columns not set, guessing: ['Length', 'Width', 'Thickness', 'Area', 'Perimeter', 'Roundness', 'Solidity', 'Compactness', 'Aspect_Ratio', 'Eccentricity', 'Extent', 'Convex_Area', 'Type']\n"
     ]
    },
    {
     "data": {
      "text/html": [
       "<div>\n",
       "<style scoped>\n",
       "    .dataframe tbody tr th:only-of-type {\n",
       "        vertical-align: middle;\n",
       "    }\n",
       "\n",
       "    .dataframe tbody tr th {\n",
       "        vertical-align: top;\n",
       "    }\n",
       "\n",
       "    .dataframe thead th {\n",
       "        text-align: right;\n",
       "    }\n",
       "</style>\n",
       "<table border=\"1\" class=\"dataframe\">\n",
       "  <thead>\n",
       "    <tr style=\"text-align: right;\">\n",
       "      <th></th>\n",
       "      <th>Length</th>\n",
       "      <th>Width</th>\n",
       "      <th>Thickness</th>\n",
       "      <th>Area</th>\n",
       "      <th>Perimeter</th>\n",
       "      <th>Roundness</th>\n",
       "      <th>Solidity</th>\n",
       "      <th>Compactness</th>\n",
       "      <th>Aspect_Ratio</th>\n",
       "      <th>Eccentricity</th>\n",
       "      <th>Extent</th>\n",
       "      <th>Convex_Area</th>\n",
       "      <th>Type</th>\n",
       "    </tr>\n",
       "  </thead>\n",
       "  <tbody>\n",
       "    <tr>\n",
       "      <th>Length</th>\n",
       "      <td>1.000000</td>\n",
       "      <td>0.468891</td>\n",
       "      <td>0.328809</td>\n",
       "      <td>0.739572</td>\n",
       "      <td>0.693808</td>\n",
       "      <td>0.449980</td>\n",
       "      <td>0.122181</td>\n",
       "      <td>0.199238</td>\n",
       "      <td>0.410369</td>\n",
       "      <td>0.358817</td>\n",
       "      <td>0.307387</td>\n",
       "      <td>0.764973</td>\n",
       "      <td>0.381952</td>\n",
       "    </tr>\n",
       "    <tr>\n",
       "      <th>Width</th>\n",
       "      <td>0.468891</td>\n",
       "      <td>1.000000</td>\n",
       "      <td>0.291190</td>\n",
       "      <td>0.694956</td>\n",
       "      <td>0.486105</td>\n",
       "      <td>0.197349</td>\n",
       "      <td>0.183906</td>\n",
       "      <td>0.079758</td>\n",
       "      <td>0.207034</td>\n",
       "      <td>0.253578</td>\n",
       "      <td>0.203556</td>\n",
       "      <td>0.684468</td>\n",
       "      <td>0.284169</td>\n",
       "    </tr>\n",
       "    <tr>\n",
       "      <th>Thickness</th>\n",
       "      <td>0.328809</td>\n",
       "      <td>0.291190</td>\n",
       "      <td>1.000000</td>\n",
       "      <td>0.460928</td>\n",
       "      <td>0.378158</td>\n",
       "      <td>0.256051</td>\n",
       "      <td>0.049681</td>\n",
       "      <td>0.072787</td>\n",
       "      <td>0.000000</td>\n",
       "      <td>0.000000</td>\n",
       "      <td>0.304876</td>\n",
       "      <td>0.467003</td>\n",
       "      <td>0.278852</td>\n",
       "    </tr>\n",
       "    <tr>\n",
       "      <th>Area</th>\n",
       "      <td>0.739572</td>\n",
       "      <td>0.694956</td>\n",
       "      <td>0.460928</td>\n",
       "      <td>1.000000</td>\n",
       "      <td>0.842406</td>\n",
       "      <td>0.376436</td>\n",
       "      <td>0.161451</td>\n",
       "      <td>0.103239</td>\n",
       "      <td>0.250619</td>\n",
       "      <td>0.256171</td>\n",
       "      <td>0.374556</td>\n",
       "      <td>0.994625</td>\n",
       "      <td>0.287699</td>\n",
       "    </tr>\n",
       "    <tr>\n",
       "      <th>Perimeter</th>\n",
       "      <td>0.693808</td>\n",
       "      <td>0.486105</td>\n",
       "      <td>0.378158</td>\n",
       "      <td>0.842406</td>\n",
       "      <td>1.000000</td>\n",
       "      <td>0.255076</td>\n",
       "      <td>0.500722</td>\n",
       "      <td>0.568092</td>\n",
       "      <td>0.218634</td>\n",
       "      <td>0.200555</td>\n",
       "      <td>0.338876</td>\n",
       "      <td>0.856967</td>\n",
       "      <td>0.305267</td>\n",
       "    </tr>\n",
       "    <tr>\n",
       "      <th>Roundness</th>\n",
       "      <td>0.449980</td>\n",
       "      <td>0.197349</td>\n",
       "      <td>0.256051</td>\n",
       "      <td>0.376436</td>\n",
       "      <td>0.255076</td>\n",
       "      <td>1.000000</td>\n",
       "      <td>0.358773</td>\n",
       "      <td>0.304266</td>\n",
       "      <td>0.647335</td>\n",
       "      <td>0.620591</td>\n",
       "      <td>0.476434</td>\n",
       "      <td>0.387019</td>\n",
       "      <td>0.471345</td>\n",
       "    </tr>\n",
       "    <tr>\n",
       "      <th>Solidity</th>\n",
       "      <td>0.122181</td>\n",
       "      <td>0.183906</td>\n",
       "      <td>0.049681</td>\n",
       "      <td>0.161451</td>\n",
       "      <td>0.500722</td>\n",
       "      <td>0.358773</td>\n",
       "      <td>1.000000</td>\n",
       "      <td>0.749895</td>\n",
       "      <td>0.119626</td>\n",
       "      <td>0.074289</td>\n",
       "      <td>0.805820</td>\n",
       "      <td>0.147624</td>\n",
       "      <td>0.364287</td>\n",
       "    </tr>\n",
       "    <tr>\n",
       "      <th>Compactness</th>\n",
       "      <td>0.199238</td>\n",
       "      <td>0.079758</td>\n",
       "      <td>0.072787</td>\n",
       "      <td>0.103239</td>\n",
       "      <td>0.568092</td>\n",
       "      <td>0.304266</td>\n",
       "      <td>0.749895</td>\n",
       "      <td>1.000000</td>\n",
       "      <td>0.000000</td>\n",
       "      <td>0.036404</td>\n",
       "      <td>0.540934</td>\n",
       "      <td>0.119866</td>\n",
       "      <td>0.419827</td>\n",
       "    </tr>\n",
       "    <tr>\n",
       "      <th>Aspect_Ratio</th>\n",
       "      <td>0.410369</td>\n",
       "      <td>0.207034</td>\n",
       "      <td>0.000000</td>\n",
       "      <td>0.250619</td>\n",
       "      <td>0.218634</td>\n",
       "      <td>0.647335</td>\n",
       "      <td>0.119626</td>\n",
       "      <td>0.000000</td>\n",
       "      <td>1.000000</td>\n",
       "      <td>0.623176</td>\n",
       "      <td>0.322711</td>\n",
       "      <td>0.287956</td>\n",
       "      <td>0.289514</td>\n",
       "    </tr>\n",
       "    <tr>\n",
       "      <th>Eccentricity</th>\n",
       "      <td>0.358817</td>\n",
       "      <td>0.253578</td>\n",
       "      <td>0.000000</td>\n",
       "      <td>0.256171</td>\n",
       "      <td>0.200555</td>\n",
       "      <td>0.620591</td>\n",
       "      <td>0.074289</td>\n",
       "      <td>0.036404</td>\n",
       "      <td>0.623176</td>\n",
       "      <td>1.000000</td>\n",
       "      <td>0.340817</td>\n",
       "      <td>0.276927</td>\n",
       "      <td>0.265909</td>\n",
       "    </tr>\n",
       "    <tr>\n",
       "      <th>Extent</th>\n",
       "      <td>0.307387</td>\n",
       "      <td>0.203556</td>\n",
       "      <td>0.304876</td>\n",
       "      <td>0.374556</td>\n",
       "      <td>0.338876</td>\n",
       "      <td>0.476434</td>\n",
       "      <td>0.805820</td>\n",
       "      <td>0.540934</td>\n",
       "      <td>0.322711</td>\n",
       "      <td>0.340817</td>\n",
       "      <td>1.000000</td>\n",
       "      <td>0.353994</td>\n",
       "      <td>0.392545</td>\n",
       "    </tr>\n",
       "    <tr>\n",
       "      <th>Convex_Area</th>\n",
       "      <td>0.764973</td>\n",
       "      <td>0.684468</td>\n",
       "      <td>0.467003</td>\n",
       "      <td>0.994625</td>\n",
       "      <td>0.856967</td>\n",
       "      <td>0.387019</td>\n",
       "      <td>0.147624</td>\n",
       "      <td>0.119866</td>\n",
       "      <td>0.287956</td>\n",
       "      <td>0.276927</td>\n",
       "      <td>0.353994</td>\n",
       "      <td>1.000000</td>\n",
       "      <td>0.274913</td>\n",
       "    </tr>\n",
       "    <tr>\n",
       "      <th>Type</th>\n",
       "      <td>0.381952</td>\n",
       "      <td>0.284169</td>\n",
       "      <td>0.278852</td>\n",
       "      <td>0.287699</td>\n",
       "      <td>0.305267</td>\n",
       "      <td>0.471345</td>\n",
       "      <td>0.364287</td>\n",
       "      <td>0.419827</td>\n",
       "      <td>0.289514</td>\n",
       "      <td>0.265909</td>\n",
       "      <td>0.392545</td>\n",
       "      <td>0.274913</td>\n",
       "      <td>1.000000</td>\n",
       "    </tr>\n",
       "  </tbody>\n",
       "</table>\n",
       "</div>"
      ],
      "text/plain": [
       "                Length     Width  Thickness      Area  Perimeter  Roundness  \\\n",
       "Length        1.000000  0.468891   0.328809  0.739572   0.693808   0.449980   \n",
       "Width         0.468891  1.000000   0.291190  0.694956   0.486105   0.197349   \n",
       "Thickness     0.328809  0.291190   1.000000  0.460928   0.378158   0.256051   \n",
       "Area          0.739572  0.694956   0.460928  1.000000   0.842406   0.376436   \n",
